630
273
429
169
479
43
413
418
51
707
145
167
602
681
720
95
296
974
961
737
131
675
569
136
968
544
175
972
606
209
7
143
620
495
57
289
819
212
107
284
798
116
173
77
972
861
656
426
575
278
740
462
387
96
551
190
863
37
899
456
96
78
462
492
164
433
476
591
103
261
502
406
902
828
507
810
851
893
526
32
878
727
852
365
610
516
490
798
927
365
764
905
681
600
846
434
339
593
137
697
185
8
199
764
810
886
984
853
364
191
300
384
598
591
339
956
256
104
897
86
11
879
858
430
240
535
389
657
130
882
28
137
188
482
719
855
687
62
83
793
115
360
507
842
47
927
152
173
423
867
82
420
189
308
981
21
696
756
344
945
373
974
493
898
135
904
717
629
683
104
705
772
358
631
343
211
551
800
112
802
738
840
468
534
675
983
981
163
805
308
596
192
951
823
780
479
768
258
207
485
